weather_336_96_P_sLSTM_custom_ftM_sl336_ll18_pl96_0  
mse:0.14922569692134857, mae:0.2080153077840805, rse:0.5090659260749817, corr:[0.4820836  0.48041067 0.48124245 0.48040718 0.4785443  0.47852775
 0.47573015 0.47640312 0.4762126  0.47453636 0.47457844 0.47328827
 0.4727096  0.47057578 0.47108278 0.46808627 0.46740642 0.46725425
 0.46659824 0.46537375 0.46516106 0.46216327 0.4621874  0.46245575
 0.4605912  0.46106586 0.45941457 0.45939597 0.45587656 0.4570801
 0.45556575 0.45397076 0.45416608 0.45761046 0.45418522 0.4528123
 0.4508642  0.45046946 0.45083392 0.4502231  0.4482735  0.4450688
 0.44530168 0.4452983  0.44415656 0.44291937 0.44202027 0.4416894
 0.43961108 0.43987662 0.4363781  0.43940902 0.43665618 0.43620807
 0.43764734 0.43519723 0.43518606 0.43430904 0.43593454 0.43472517
 0.43565264 0.43366733 0.4333204  0.43106163 0.43056858 0.4317262
 0.433592   0.4306446  0.43045753 0.4298507  0.42976713 0.43032783
 0.42959514 0.4284488  0.43062454 0.42638022 0.4244163  0.4253532
 0.42684516 0.42683113 0.42627606 0.42519554 0.4268754  0.4266768
 0.42716265 0.42893878 0.4258268  0.42709655 0.42627174 0.42776224
 0.4274541  0.42584488 0.42846182 0.42688194 0.42472494 0.42618197]

weather_336_96_P_sLSTM_custom_ftM_sl336_ll18_pl96_0  
mse:0.14922569692134857, mae:0.2080153077840805, rse:0.5090659260749817, corr:[0.4820836  0.48041067 0.48124245 0.48040718 0.4785443  0.47852775
 0.47573015 0.47640312 0.4762126  0.47453636 0.47457844 0.47328827
 0.4727096  0.47057578 0.47108278 0.46808627 0.46740642 0.46725425
 0.46659824 0.46537375 0.46516106 0.46216327 0.4621874  0.46245575
 0.4605912  0.46106586 0.45941457 0.45939597 0.45587656 0.4570801
 0.45556575 0.45397076 0.45416608 0.45761046 0.45418522 0.4528123
 0.4508642  0.45046946 0.45083392 0.4502231  0.4482735  0.4450688
 0.44530168 0.4452983  0.44415656 0.44291937 0.44202027 0.4416894
 0.43961108 0.43987662 0.4363781  0.43940902 0.43665618 0.43620807
 0.43764734 0.43519723 0.43518606 0.43430904 0.43593454 0.43472517
 0.43565264 0.43366733 0.4333204  0.43106163 0.43056858 0.4317262
 0.433592   0.4306446  0.43045753 0.4298507  0.42976713 0.43032783
 0.42959514 0.4284488  0.43062454 0.42638022 0.4244163  0.4253532
 0.42684516 0.42683113 0.42627606 0.42519554 0.4268754  0.4266768
 0.42716265 0.42893878 0.4258268  0.42709655 0.42627174 0.42776224
 0.4274541  0.42584488 0.42846182 0.42688194 0.42472494 0.42618197]

weather_336_96_P_sLSTM_custom_ftM_sl336_ll18_pl96_0  
mse:0.14922569692134857, mae:0.2080153077840805, rse:0.5090659260749817, corr:[0.4820836  0.48041067 0.48124245 0.48040718 0.4785443  0.47852775
 0.47573015 0.47640312 0.4762126  0.47453636 0.47457844 0.47328827
 0.4727096  0.47057578 0.47108278 0.46808627 0.46740642 0.46725425
 0.46659824 0.46537375 0.46516106 0.46216327 0.4621874  0.46245575
 0.4605912  0.46106586 0.45941457 0.45939597 0.45587656 0.4570801
 0.45556575 0.45397076 0.45416608 0.45761046 0.45418522 0.4528123
 0.4508642  0.45046946 0.45083392 0.4502231  0.4482735  0.4450688
 0.44530168 0.4452983  0.44415656 0.44291937 0.44202027 0.4416894
 0.43961108 0.43987662 0.4363781  0.43940902 0.43665618 0.43620807
 0.43764734 0.43519723 0.43518606 0.43430904 0.43593454 0.43472517
 0.43565264 0.43366733 0.4333204  0.43106163 0.43056858 0.4317262
 0.433592   0.4306446  0.43045753 0.4298507  0.42976713 0.43032783
 0.42959514 0.4284488  0.43062454 0.42638022 0.4244163  0.4253532
 0.42684516 0.42683113 0.42627606 0.42519554 0.4268754  0.4266768
 0.42716265 0.42893878 0.4258268  0.42709655 0.42627174 0.42776224
 0.4274541  0.42584488 0.42846182 0.42688194 0.42472494 0.42618197]

weather_336_96_P_sLSTM_custom_ftM_sl336_ll18_pl96_0  
mse:0.15437041223049164, mae:0.21303381025791168, rse:0.5177668333053589, corr:[0.4769119  0.47810808 0.47731483 0.4775939  0.4784344  0.47553718
 0.47339347 0.47057274 0.4700083  0.47042486 0.46949035 0.46752176
 0.4662591  0.46681502 0.46590063 0.46549946 0.46422675 0.46062505
 0.46118295 0.46055156 0.46081865 0.45884854 0.45749745 0.4561701
 0.4581614  0.45686728 0.45603153 0.45234787 0.45336983 0.4535607
 0.45225933 0.4500229  0.45092353 0.45022133 0.44755998 0.44838032
 0.44521946 0.44732314 0.44646415 0.4440993  0.4444445  0.4414529
 0.44090262 0.43943557 0.43868992 0.4383286  0.43481356 0.43440422
 0.43443218 0.43407103 0.4307754  0.4308264  0.42990085 0.42830557
 0.42678782 0.4277781  0.427169   0.426157   0.42676353 0.42657813
 0.42457587 0.42550448 0.42468607 0.4238403  0.42511627 0.42638928
 0.42294097 0.42326578 0.42121223 0.42144454 0.4211064  0.42077178
 0.42032984 0.4184603  0.42028093 0.41731104 0.4197885  0.4198705
 0.41783726 0.41882858 0.41893253 0.4198581  0.41843972 0.41902164
 0.42149428 0.42082736 0.4192143  0.42205694 0.4211509  0.4229158
 0.41994545 0.42035457 0.4216891  0.42134643 0.42146334 0.4211184 ]

weather_336_96_P_sLSTM_custom_ftM_sl336_ll18_pl96_0  
mse:0.15437041223049164, mae:0.21303381025791168, rse:0.5177668333053589, corr:[0.4769119  0.47810808 0.47731483 0.4775939  0.4784344  0.47553718
 0.47339347 0.47057274 0.4700083  0.47042486 0.46949035 0.46752176
 0.4662591  0.46681502 0.46590063 0.46549946 0.46422675 0.46062505
 0.46118295 0.46055156 0.46081865 0.45884854 0.45749745 0.4561701
 0.4581614  0.45686728 0.45603153 0.45234787 0.45336983 0.4535607
 0.45225933 0.4500229  0.45092353 0.45022133 0.44755998 0.44838032
 0.44521946 0.44732314 0.44646415 0.4440993  0.4444445  0.4414529
 0.44090262 0.43943557 0.43868992 0.4383286  0.43481356 0.43440422
 0.43443218 0.43407103 0.4307754  0.4308264  0.42990085 0.42830557
 0.42678782 0.4277781  0.427169   0.426157   0.42676353 0.42657813
 0.42457587 0.42550448 0.42468607 0.4238403  0.42511627 0.42638928
 0.42294097 0.42326578 0.42121223 0.42144454 0.4211064  0.42077178
 0.42032984 0.4184603  0.42028093 0.41731104 0.4197885  0.4198705
 0.41783726 0.41882858 0.41893253 0.4198581  0.41843972 0.41902164
 0.42149428 0.42082736 0.4192143  0.42205694 0.4211509  0.4229158
 0.41994545 0.42035457 0.4216891  0.42134643 0.42146334 0.4211184 ]

weather_336_96_P_sLSTM_custom_ftM_sl336_ll18_pl96_0  
mse:0.15437041223049164, mae:0.21303381025791168, rse:0.5177668333053589, corr:[0.4769119  0.47810808 0.47731483 0.4775939  0.4784344  0.47553718
 0.47339347 0.47057274 0.4700083  0.47042486 0.46949035 0.46752176
 0.4662591  0.46681502 0.46590063 0.46549946 0.46422675 0.46062505
 0.46118295 0.46055156 0.46081865 0.45884854 0.45749745 0.4561701
 0.4581614  0.45686728 0.45603153 0.45234787 0.45336983 0.4535607
 0.45225933 0.4500229  0.45092353 0.45022133 0.44755998 0.44838032
 0.44521946 0.44732314 0.44646415 0.4440993  0.4444445  0.4414529
 0.44090262 0.43943557 0.43868992 0.4383286  0.43481356 0.43440422
 0.43443218 0.43407103 0.4307754  0.4308264  0.42990085 0.42830557
 0.42678782 0.4277781  0.427169   0.426157   0.42676353 0.42657813
 0.42457587 0.42550448 0.42468607 0.4238403  0.42511627 0.42638928
 0.42294097 0.42326578 0.42121223 0.42144454 0.4211064  0.42077178
 0.42032984 0.4184603  0.42028093 0.41731104 0.4197885  0.4198705
 0.41783726 0.41882858 0.41893253 0.4198581  0.41843972 0.41902164
 0.42149428 0.42082736 0.4192143  0.42205694 0.4211509  0.4229158
 0.41994545 0.42035457 0.4216891  0.42134643 0.42146334 0.4211184 ]

weather_336_96_P_sLSTM_custom_ftM_sl336_ll18_pl96_0  
mse:0.15437041223049164, mae:0.21303381025791168, rse:0.5177668333053589, corr:[0.4769119  0.47810808 0.47731483 0.4775939  0.4784344  0.47553718
 0.47339347 0.47057274 0.4700083  0.47042486 0.46949035 0.46752176
 0.4662591  0.46681502 0.46590063 0.46549946 0.46422675 0.46062505
 0.46118295 0.46055156 0.46081865 0.45884854 0.45749745 0.4561701
 0.4581614  0.45686728 0.45603153 0.45234787 0.45336983 0.4535607
 0.45225933 0.4500229  0.45092353 0.45022133 0.44755998 0.44838032
 0.44521946 0.44732314 0.44646415 0.4440993  0.4444445  0.4414529
 0.44090262 0.43943557 0.43868992 0.4383286  0.43481356 0.43440422
 0.43443218 0.43407103 0.4307754  0.4308264  0.42990085 0.42830557
 0.42678782 0.4277781  0.427169   0.426157   0.42676353 0.42657813
 0.42457587 0.42550448 0.42468607 0.4238403  0.42511627 0.42638928
 0.42294097 0.42326578 0.42121223 0.42144454 0.4211064  0.42077178
 0.42032984 0.4184603  0.42028093 0.41731104 0.4197885  0.4198705
 0.41783726 0.41882858 0.41893253 0.4198581  0.41843972 0.41902164
 0.42149428 0.42082736 0.4192143  0.42205694 0.4211509  0.4229158
 0.41994545 0.42035457 0.4216891  0.42134643 0.42146334 0.4211184 ]

weather_336_96_P_sLSTM_custom_ftM_sl336_ll18_pl96_0  
mse:0.14922569692134857, mae:0.2080153077840805, rse:0.5090659260749817, corr:[0.4820836  0.48041067 0.48124245 0.48040718 0.4785443  0.47852775
 0.47573015 0.47640312 0.4762126  0.47453636 0.47457844 0.47328827
 0.4727096  0.47057578 0.47108278 0.46808627 0.46740642 0.46725425
 0.46659824 0.46537375 0.46516106 0.46216327 0.4621874  0.46245575
 0.4605912  0.46106586 0.45941457 0.45939597 0.45587656 0.4570801
 0.45556575 0.45397076 0.45416608 0.45761046 0.45418522 0.4528123
 0.4508642  0.45046946 0.45083392 0.4502231  0.4482735  0.4450688
 0.44530168 0.4452983  0.44415656 0.44291937 0.44202027 0.4416894
 0.43961108 0.43987662 0.4363781  0.43940902 0.43665618 0.43620807
 0.43764734 0.43519723 0.43518606 0.43430904 0.43593454 0.43472517
 0.43565264 0.43366733 0.4333204  0.43106163 0.43056858 0.4317262
 0.433592   0.4306446  0.43045753 0.4298507  0.42976713 0.43032783
 0.42959514 0.4284488  0.43062454 0.42638022 0.4244163  0.4253532
 0.42684516 0.42683113 0.42627606 0.42519554 0.4268754  0.4266768
 0.42716265 0.42893878 0.4258268  0.42709655 0.42627174 0.42776224
 0.4274541  0.42584488 0.42846182 0.42688194 0.42472494 0.42618197]

weather_336_96_P_sLSTM_custom_ftM_sl336_ll18_pl96_0  
mse:0.14931829273700714, mae:0.2082473486661911, rse:0.5092238187789917, corr:[0.4818861  0.48021293 0.481059   0.4801971  0.47833025 0.47825623
 0.47552022 0.47620282 0.47598156 0.4742989  0.4742797  0.47303617
 0.47245634 0.47020087 0.47071722 0.46776184 0.4670739  0.4669583
 0.4663141  0.4651486  0.46493402 0.461884   0.46182245 0.46213114
 0.46026435 0.46077633 0.45909736 0.45901802 0.45558184 0.45679194
 0.45523003 0.45367607 0.45384917 0.45727184 0.4538972  0.45243108
 0.45052275 0.4501681  0.45055115 0.4499719  0.44808036 0.44481134
 0.44508758 0.44511688 0.44398418 0.4426711  0.44183502 0.44151905
 0.439428   0.4396601  0.4361398  0.43920892 0.43643835 0.43604755
 0.4374006  0.43499625 0.43499953 0.43409756 0.43568644 0.43453926
 0.43547237 0.43341377 0.4330715  0.43083277 0.43027782 0.43145278
 0.4333796  0.43046004 0.43030414 0.42966482 0.42957878 0.4301546
 0.42934895 0.42814863 0.43041605 0.42611063 0.42413116 0.42503893
 0.4265307  0.42653698 0.4260119  0.42490822 0.42655978 0.42645147
 0.4268577  0.4286813  0.42552745 0.42682424 0.42598513 0.42745474
 0.42721698 0.42558062 0.4282215  0.42656344 0.42450404 0.42592272]

weather_336_96_P_sLSTM_custom_ftM_sl336_ll18_pl96_0  
mse:0.15115968883037567, mae:0.21201331913471222, rse:0.5123540759086609, corr:[0.48194292 0.4795433  0.48064643 0.47947073 0.477903   0.47851786
 0.47495064 0.47582862 0.47653666 0.47398895 0.47481498 0.47337016
 0.47313628 0.47250116 0.47205058 0.4685334  0.4682765  0.46742144
 0.46716598 0.46543035 0.46569964 0.46291175 0.46348518 0.46366605
 0.46192777 0.46159515 0.46000117 0.46069896 0.45727715 0.457757
 0.45652962 0.45573542 0.45604378 0.45917606 0.45598063 0.45404902
 0.45305103 0.45211405 0.45290816 0.45216987 0.44949257 0.44738787
 0.44747892 0.446792   0.4463802  0.44555962 0.44429278 0.4441516
 0.44187436 0.44188908 0.43911403 0.44152492 0.43947846 0.43832213
 0.43961078 0.43781608 0.4378908  0.4367678  0.4382643  0.4361612
 0.43745533 0.43635508 0.43594855 0.43517822 0.43390715 0.43533292
 0.43605685 0.43373588 0.4337469  0.43286273 0.43205193 0.43335235
 0.43293095 0.43122435 0.4333171  0.43013933 0.42813945 0.42844433
 0.429724   0.4294405  0.4284855  0.42769808 0.42949575 0.42873186
 0.42966345 0.4299243  0.4292956  0.42916816 0.42905024 0.43016928
 0.4296974  0.4275779  0.43129873 0.4300336  0.42668483 0.42899847]

weather_336_96_P_sLSTM_custom_ftM_sl336_ll18_pl96_0  
mse:0.14922569692134857, mae:0.2080153077840805, rse:0.5090659260749817, corr:[0.4820836  0.48041067 0.48124245 0.48040718 0.4785443  0.47852775
 0.47573015 0.47640312 0.4762126  0.47453636 0.47457844 0.47328827
 0.4727096  0.47057578 0.47108278 0.46808627 0.46740642 0.46725425
 0.46659824 0.46537375 0.46516106 0.46216327 0.4621874  0.46245575
 0.4605912  0.46106586 0.45941457 0.45939597 0.45587656 0.4570801
 0.45556575 0.45397076 0.45416608 0.45761046 0.45418522 0.4528123
 0.4508642  0.45046946 0.45083392 0.4502231  0.4482735  0.4450688
 0.44530168 0.4452983  0.44415656 0.44291937 0.44202027 0.4416894
 0.43961108 0.43987662 0.4363781  0.43940902 0.43665618 0.43620807
 0.43764734 0.43519723 0.43518606 0.43430904 0.43593454 0.43472517
 0.43565264 0.43366733 0.4333204  0.43106163 0.43056858 0.4317262
 0.433592   0.4306446  0.43045753 0.4298507  0.42976713 0.43032783
 0.42959514 0.4284488  0.43062454 0.42638022 0.4244163  0.4253532
 0.42684516 0.42683113 0.42627606 0.42519554 0.4268754  0.4266768
 0.42716265 0.42893878 0.4258268  0.42709655 0.42627174 0.42776224
 0.4274541  0.42584488 0.42846182 0.42688194 0.42472494 0.42618197]

weather_336_96_P_sLSTM_custom_ftM_sl336_ll18_pl96_0  
mse:0.15189829468727112, mae:0.2023097276687622, rse:0.5136042833328247, corr:[0.48379588 0.48156437 0.47986406 0.48003986 0.47871855 0.4782018
 0.47468665 0.47431487 0.47396892 0.47189263 0.47047973 0.47032827
 0.46794787 0.46745947 0.46513996 0.46565852 0.46371135 0.46249527
 0.46229288 0.45911357 0.4581369  0.45693657 0.4566585  0.4572173
 0.45487684 0.45449325 0.45363125 0.4529418  0.45094112 0.45144856
 0.45126688 0.45050845 0.45071715 0.44874305 0.4482051  0.4469937
 0.445435   0.44494614 0.44204167 0.4425793  0.44041437 0.43919045
 0.43761882 0.43815508 0.4369184  0.4347006  0.43411964 0.43319783
 0.43304932 0.4330722  0.43072972 0.43133768 0.4304914  0.43206313
 0.43094784 0.42975634 0.43183452 0.4322758  0.43073428 0.43070248
 0.43207636 0.43190768 0.43323776 0.43382204 0.43328533 0.43366194
 0.431883   0.43281427 0.43249702 0.4310513  0.43288165 0.4310777
 0.4311248  0.42915902 0.42987785 0.4284801  0.4288442  0.42813835
 0.42794037 0.42858225 0.42904153 0.42918772 0.42931473 0.42861345
 0.4302528  0.43159708 0.43092886 0.4315372  0.43142244 0.42906588
 0.43168712 0.43098274 0.4312789  0.42921364 0.42998835 0.4286295 ]

weather_336_96_P_sLSTM_custom_ftM_sl336_ll18_pl96_0  
mse:0.14922569692134857, mae:0.2080153077840805, rse:0.5090659260749817, corr:[0.4820836  0.48041067 0.48124245 0.48040718 0.4785443  0.47852775
 0.47573015 0.47640312 0.4762126  0.47453636 0.47457844 0.47328827
 0.4727096  0.47057578 0.47108278 0.46808627 0.46740642 0.46725425
 0.46659824 0.46537375 0.46516106 0.46216327 0.4621874  0.46245575
 0.4605912  0.46106586 0.45941457 0.45939597 0.45587656 0.4570801
 0.45556575 0.45397076 0.45416608 0.45761046 0.45418522 0.4528123
 0.4508642  0.45046946 0.45083392 0.4502231  0.4482735  0.4450688
 0.44530168 0.4452983  0.44415656 0.44291937 0.44202027 0.4416894
 0.43961108 0.43987662 0.4363781  0.43940902 0.43665618 0.43620807
 0.43764734 0.43519723 0.43518606 0.43430904 0.43593454 0.43472517
 0.43565264 0.43366733 0.4333204  0.43106163 0.43056858 0.4317262
 0.433592   0.4306446  0.43045753 0.4298507  0.42976713 0.43032783
 0.42959514 0.4284488  0.43062454 0.42638022 0.4244163  0.4253532
 0.42684516 0.42683113 0.42627606 0.42519554 0.4268754  0.4266768
 0.42716265 0.42893878 0.4258268  0.42709655 0.42627174 0.42776224
 0.4274541  0.42584488 0.42846182 0.42688194 0.42472494 0.42618197]

weather_336_96_P_sLSTM_custom_ftM_sl336_ll18_pl96_0  
mse:0.14922569692134857, mae:0.2080153077840805, rse:0.5090659260749817, corr:[0.4820836  0.48041067 0.48124245 0.48040718 0.4785443  0.47852775
 0.47573015 0.47640312 0.4762126  0.47453636 0.47457844 0.47328827
 0.4727096  0.47057578 0.47108278 0.46808627 0.46740642 0.46725425
 0.46659824 0.46537375 0.46516106 0.46216327 0.4621874  0.46245575
 0.4605912  0.46106586 0.45941457 0.45939597 0.45587656 0.4570801
 0.45556575 0.45397076 0.45416608 0.45761046 0.45418522 0.4528123
 0.4508642  0.45046946 0.45083392 0.4502231  0.4482735  0.4450688
 0.44530168 0.4452983  0.44415656 0.44291937 0.44202027 0.4416894
 0.43961108 0.43987662 0.4363781  0.43940902 0.43665618 0.43620807
 0.43764734 0.43519723 0.43518606 0.43430904 0.43593454 0.43472517
 0.43565264 0.43366733 0.4333204  0.43106163 0.43056858 0.4317262
 0.433592   0.4306446  0.43045753 0.4298507  0.42976713 0.43032783
 0.42959514 0.4284488  0.43062454 0.42638022 0.4244163  0.4253532
 0.42684516 0.42683113 0.42627606 0.42519554 0.4268754  0.4266768
 0.42716265 0.42893878 0.4258268  0.42709655 0.42627174 0.42776224
 0.4274541  0.42584488 0.42846182 0.42688194 0.42472494 0.42618197]

weather_336_96_P_sLSTM_custom_ftM_sl336_ll18_pl96_0  
mse:0.14922724664211273, mae:0.2079939842224121, rse:0.5090685486793518, corr:[0.48205063 0.48039636 0.48123187 0.48039445 0.47856075 0.4785302
 0.4757665  0.47641265 0.47621676 0.4745406  0.47457144 0.47329646
 0.4727122  0.47058883 0.4711004  0.46810615 0.4674263  0.46727964
 0.46662146 0.46539706 0.46520168 0.46217147 0.46221182 0.4624705
 0.46060678 0.4611143  0.4594395  0.45941165 0.45591766 0.45710135
 0.45561177 0.45398638 0.45416564 0.45760563 0.4541965  0.45280364
 0.4508974  0.450493   0.45086417 0.4502111  0.44825113 0.44509602
 0.44533852 0.44527042 0.44420806 0.4429871  0.4420297  0.4417127
 0.43963087 0.43990672 0.43639973 0.43943182 0.4366754  0.43622315
 0.43767288 0.43521324 0.43521369 0.43431476 0.43596873 0.43476054
 0.43567583 0.43369552 0.43333098 0.43109098 0.43057814 0.43173137
 0.4335894  0.43067485 0.43048054 0.4298667  0.42977214 0.43034282
 0.429618   0.4284309  0.43059117 0.42640543 0.42442793 0.42536995
 0.42686942 0.42685398 0.42631695 0.42521048 0.42686602 0.4266741
 0.42714164 0.42893267 0.4258286  0.4271005  0.42627677 0.42777866
 0.4274444  0.42584828 0.42844856 0.4268734  0.42467988 0.42616913]

weather_336_96_P_sLSTM_custom_ftM_sl336_ll18_pl96_0  
mse:0.15080487728118896, mae:0.20899903774261475, rse:0.5117524266242981, corr:[0.48035172 0.4793516  0.47900274 0.4799817  0.47748014 0.47912407
 0.47531217 0.47559988 0.4758396  0.47429454 0.47495544 0.47395232
 0.47276497 0.4720162  0.47161955 0.46930912 0.4678355  0.46874273
 0.46840265 0.46708465 0.46658465 0.46452543 0.46410373 0.4647594
 0.46284348 0.4624401  0.46226487 0.4630931  0.45940226 0.46086264
 0.45944735 0.45714268 0.45674834 0.45875835 0.4579822  0.4557365
 0.45445487 0.45463386 0.4526637  0.4536333  0.45078716 0.44846404
 0.44940388 0.44866058 0.44701076 0.44742256 0.4460373  0.44549784
 0.44469222 0.4446733  0.44109365 0.4428076  0.44232577 0.44134983
 0.44326404 0.43911946 0.43925366 0.4392846  0.44014332 0.43943214
 0.4408487  0.4399081  0.43873245 0.43817493 0.43828288 0.4375206
 0.43881142 0.43667045 0.43573737 0.43620414 0.4365438  0.4353351
 0.43720257 0.43540034 0.43619636 0.43266597 0.43107918 0.4312022
 0.43216327 0.43285736 0.4319439  0.43130836 0.4315573  0.43251422
 0.4317229  0.43311563 0.43114054 0.43161243 0.43116298 0.4319227
 0.43067038 0.4310958  0.432566   0.43214446 0.4295589  0.4312873 ]

weather_336_96_P_sLSTM_custom_ftM_sl336_ll18_pl96_0  
mse:0.14922569692134857, mae:0.2080153077840805, rse:0.5090659260749817, corr:[0.4820836  0.48041067 0.48124245 0.48040718 0.4785443  0.47852775
 0.47573015 0.47640312 0.4762126  0.47453636 0.47457844 0.47328827
 0.4727096  0.47057578 0.47108278 0.46808627 0.46740642 0.46725425
 0.46659824 0.46537375 0.46516106 0.46216327 0.4621874  0.46245575
 0.4605912  0.46106586 0.45941457 0.45939597 0.45587656 0.4570801
 0.45556575 0.45397076 0.45416608 0.45761046 0.45418522 0.4528123
 0.4508642  0.45046946 0.45083392 0.4502231  0.4482735  0.4450688
 0.44530168 0.4452983  0.44415656 0.44291937 0.44202027 0.4416894
 0.43961108 0.43987662 0.4363781  0.43940902 0.43665618 0.43620807
 0.43764734 0.43519723 0.43518606 0.43430904 0.43593454 0.43472517
 0.43565264 0.43366733 0.4333204  0.43106163 0.43056858 0.4317262
 0.433592   0.4306446  0.43045753 0.4298507  0.42976713 0.43032783
 0.42959514 0.4284488  0.43062454 0.42638022 0.4244163  0.4253532
 0.42684516 0.42683113 0.42627606 0.42519554 0.4268754  0.4266768
 0.42716265 0.42893878 0.4258268  0.42709655 0.42627174 0.42776224
 0.4274541  0.42584488 0.42846182 0.42688194 0.42472494 0.42618197]

weather_336_96_P_sLSTM_custom_ftM_sl336_ll18_pl96_0  
mse:0.14805781841278076, mae:0.20657622814178467, rse:0.5070699453353882, corr:[0.47906694 0.4769225  0.47613314 0.4772902  0.4751319  0.4758961
 0.47428498 0.4725207  0.47256786 0.47181192 0.47237328 0.47064638
 0.46926942 0.4693605  0.46877223 0.46731737 0.46626273 0.46537346
 0.46473947 0.463827   0.463602   0.4621564  0.46270964 0.46069926
 0.460633   0.4601794  0.45983568 0.45894942 0.45825458 0.45767596
 0.456234   0.45627826 0.4563465  0.45531237 0.45465994 0.45354468
 0.45286274 0.45211262 0.45057368 0.45036185 0.4487618  0.44734854
 0.44776264 0.44653177 0.44491324 0.44472203 0.4426784  0.4429601
 0.4419683  0.44242617 0.43958822 0.43963778 0.43947908 0.43970883
 0.4394269  0.4370883  0.43655166 0.43746868 0.43710726 0.43714896
 0.43544558 0.43734115 0.43628412 0.43619913 0.43673542 0.43535307
 0.43597257 0.4341295  0.43469992 0.43280414 0.43357903 0.4318708
 0.43171337 0.43158302 0.43169832 0.42993796 0.42817783 0.4293003
 0.4306018  0.42870986 0.42874563 0.42864603 0.42877156 0.4293315
 0.42935044 0.43029287 0.43002164 0.43035406 0.4297144  0.430378
 0.429137   0.42903757 0.4295001  0.4286978  0.42894465 0.42960432]

weather_336_96_P_sLSTM_custom_ftM_sl336_ll18_pl96_0  
mse:0.14805710315704346, mae:0.20656685531139374, rse:0.5070687532424927, corr:[0.47912085 0.4769988  0.47609752 0.47733742 0.47515476 0.47566986
 0.47411308 0.4725443  0.47273323 0.47176242 0.47233185 0.47065672
 0.46936104 0.46939287 0.46882635 0.46726805 0.46625346 0.4653272
 0.46468598 0.4637885  0.46356657 0.46200922 0.46282497 0.46063846
 0.46056983 0.46021324 0.45984703 0.4590143  0.4582072  0.45760936
 0.45626956 0.45622316 0.45615745 0.45526287 0.4546185  0.45364204
 0.45287016 0.45180964 0.45045722 0.4501951  0.44872397 0.44716448
 0.44744667 0.4464875  0.44479117 0.44459552 0.4423871  0.44274616
 0.44158956 0.44212836 0.43927315 0.4394777  0.43921843 0.43959877
 0.43955714 0.4372237  0.4364     0.4373123  0.43703863 0.4370222
 0.43524978 0.4372709  0.43608692 0.43597987 0.43659282 0.4352604
 0.4355564  0.43389258 0.43440917 0.4323909  0.43328315 0.4317776
 0.4314923  0.43134418 0.43143657 0.42975116 0.42808756 0.42909065
 0.43077415 0.42884    0.4288978  0.42870316 0.42856658 0.42947122
 0.42944697 0.4304743  0.43000683 0.4302175  0.4296608  0.4301956
 0.42905107 0.42923462 0.42945772 0.42891207 0.42863497 0.4295533 ]

